 XF =   0.000
 YF =   0.000
 ZF =  -5.000
 Deplacement : 0.7725426E+03
 Surface de flottaison =  0.7725425E+02
