 XF =   0.000 - XG =   0.000
 YF =   0.000 - YG =   0.000
 ZF =  -2.500 - ZG =  -3.000
 Displacement =  0.3924301E+03
 Waterplane area =  0.7848602E+02
