 XF =   0.000
 YF =  -0.556
 ZF =  -3.889
 Deplacement : 0.7500000E+03
 Surface de flottaison =  0.1000000E+03
