w=1. rad/s

CM11 = 3.423275E+03
CM51 = -1.711637E+03
CA11 = 1.639813E+01
CA51 = -8.199066E+00

w=0.5 rad/s

CM11 = 3.233952E+03
CM51 = -1.61976E+03
CA11 = 1.36576E-01
CA51 = -6.63288E-02

