 XF =   0.000
 YF =   0.000
 ZF =  -2.500
 Deplacement : 0.5000000E+03
 Surface de flottaison =  0.1000000E+03
